0.000000 2
0.500000 4
1.000000 4
1.500000 4
2.000000 4
2.500000 4
3.000000 4
3.500000 4
4.000000 4
4.500000 4
5.000000 4
5.500000 4
6.000000 4
6.500000 4
7.000000 4
7.500000 4
8.000000 4
8.500000 4
9.000000 4
9.500000 4
10.000000 4
10.500000 4
11.000000 4
11.500000 4
12.000000 4
12.500000 4
13.000000 4
13.500000 4
14.000000 4
14.500000 4
15.000000 4
15.500000 4
16.000000 4
16.500000 4
17.000000 4
17.500000 4
18.000000 4
18.500000 4
19.000000 4
19.500000 4
20.000000 4
20.500000 4
21.000000 4
21.500000 4
22.000000 4
22.500000 4
23.000000 4
23.500000 4
24.000000 4
24.500000 4
25.000000 4
25.500000 4
26.000000 4
26.500000 4
27.000000 4
27.500000 4
28.000000 4
28.500000 4
29.000000 4
29.500000 4
30.000000 4
30.500000 4
31.000000 4
31.500000 4
32.000000 4
32.500000 4
33.000000 4
33.500000 4
34.000000 4
34.500000 4
35.000000 4
35.500000 4
36.000000 4
36.500000 4
37.000000 4
37.500000 4
38.000000 4
38.500000 4
39.000000 4
39.500000 4
40.000000 4
40.500000 4
41.000000 4
41.500000 4
42.000000 4
42.500000 4
43.000000 4
43.500000 4
44.000000 4
44.500000 4
45.000000 4
45.500000 4
46.000000 4
46.500000 4
47.000000 4
47.500000 4
48.000000 4
48.500000 4
49.000000 4
49.500000 4
50.000000 4
50.500000 4
51.000000 4
51.500000 4
52.000000 4
52.500000 4
53.000000 4
53.500000 4
54.000000 4
54.500000 4
55.000000 4
55.500000 4
56.000000 4
56.500000 4
57.000000 4
57.500000 4
58.000000 4
58.500000 4
59.000000 4
59.500000 4
60.000000 4
60.500000 4
61.000000 4
61.500000 4
62.000000 4
62.500000 4
63.000000 4
63.500000 4
64.000000 4
64.500000 4
65.000000 4
65.500000 4
66.000000 4
66.500000 4
67.000000 4
67.500000 4
68.000000 4
68.500000 4
69.000000 4
69.500000 4
70.000000 4
70.500000 4
71.000000 4
71.500000 4
72.000000 4
72.500000 4
73.000000 4
73.500000 4
74.000000 4
74.500000 4
75.000000 4
75.500000 4
76.000000 4
76.500000 4
77.000000 4
77.500000 4
78.000000 4
78.500000 4
79.000000 4
79.500000 4
80.000000 4
80.500000 4
81.000000 4
81.500000 4
82.000000 4
82.500000 4
83.000000 4
83.500000 4
84.000000 4
84.500000 4
85.000000 4
85.500000 4
86.000000 4
86.500000 4
87.000000 4
87.500000 4
88.000000 4
88.500000 4
89.000000 4
89.500000 4
90.000000 4
90.500000 4
91.000000 4
91.500000 4
92.000000 4
92.500000 4
93.000000 4
93.500000 4
94.000000 4
94.500000 4
95.000000 4
95.500000 4
96.000000 4
96.500000 4
97.000000 4
97.500000 4
98.000000 4
98.500000 4
99.000000 4
99.500000 4
100.000000 4
100.500000 4
101.000000 4
101.500000 4
102.000000 4
102.500000 4
103.000000 4
103.500000 4
104.000000 4
104.500000 4
105.000000 4
105.500000 4
106.000000 4
106.500000 4
107.000000 4
107.500000 4
108.000000 4
108.500000 4
109.000000 4
109.500000 4
110.000000 4
110.500000 4
111.000000 4
111.500000 4
112.000000 4
112.500000 4
113.000000 4
113.500000 4
114.000000 4
114.500000 4
115.000000 4
115.500000 4
116.000000 4
116.500000 4
117.000000 4
117.500000 4
118.000000 4
118.500000 4
119.000000 4
119.500000 4
120.000000 4
120.500000 4
121.000000 4
121.500000 4
122.000000 4
122.500000 4
123.000000 4
123.500000 4
124.000000 4
124.500000 4
125.000000 4
125.500000 4
126.000000 4
126.500000 4
127.000000 4
127.500000 4
128.000000 4
128.500000 4
129.000000 4
129.500000 4
130.000000 4
130.500000 4
131.000000 4
131.500000 4
132.000000 4
132.500000 4
133.000000 4
133.500000 4
134.000000 4
134.500000 4
135.000000 4
135.500000 4
136.000000 4
136.500000 4
137.000000 4
137.500000 4
138.000000 4
138.500000 4
139.000000 4
139.500000 4
140.000000 4
140.500000 4
141.000000 4
141.500000 4
142.000000 4
142.500000 4
143.000000 4
143.500000 4
144.000000 4
144.500000 4
145.000000 4
145.500000 4
146.000000 4
146.500000 4
147.000000 4
147.500000 4
148.000000 4
148.500000 4
149.000000 4
149.500000 4
150.000000 4
150.500000 4
151.000000 4
151.500000 4
152.000000 4
152.500000 4
153.000000 4
153.500000 4
154.000000 4
154.500000 4
155.000000 4
155.500000 4
156.000000 4
156.500000 4
157.000000 4
157.500000 4
158.000000 4
158.500000 4
159.000000 4
159.500000 4
160.000000 4
160.500000 4
161.000000 4
161.500000 4
162.000000 4
162.500000 4
163.000000 4
163.500000 4
164.000000 4
164.500000 4
165.000000 4
165.500000 4
166.000000 4
166.500000 4
167.000000 4
167.500000 4
168.000000 4
168.500000 4
169.000000 4
169.500000 4
170.000000 4
170.500000 4
171.000000 4
171.500000 4
172.000000 4
172.500000 4
173.000000 4
173.500000 4
174.000000 4
174.500000 4
175.000000 4
175.500000 4
176.000000 4
176.500000 4
177.000000 4
177.500000 4
178.000000 4
178.500000 4
179.000000 4
179.500000 4
180.000000 2
180.500000 4
181.000000 4
181.500000 4
182.000000 4
182.500000 4
183.000000 4
183.500000 4
184.000000 4
184.500000 4
185.000000 4
185.500000 4
186.000000 4
186.500000 4
187.000000 4
187.500000 4
188.000000 4
188.500000 4
189.000000 4
189.500000 4
190.000000 4
190.500000 4
191.000000 4
191.500000 4
192.000000 4
192.500000 4
193.000000 4
193.500000 4
194.000000 4
194.500000 4
195.000000 4
195.500000 4
196.000000 4
196.500000 4
197.000000 4
197.500000 4
198.000000 4
198.500000 4
199.000000 4
199.500000 4
200.000000 4
200.500000 4
201.000000 4
201.500000 4
202.000000 4
202.500000 4
203.000000 4
203.500000 4
204.000000 4
204.500000 4
205.000000 4
205.500000 4
206.000000 4
206.500000 4
207.000000 4
207.500000 4
208.000000 4
208.500000 4
209.000000 4
209.500000 4
210.000000 4
210.500000 4
211.000000 4
211.500000 4
212.000000 4
212.500000 4
213.000000 4
213.500000 4
214.000000 4
214.500000 4
215.000000 4
215.500000 4
216.000000 4
216.500000 4
217.000000 4
217.500000 4
218.000000 4
218.500000 4
219.000000 4
219.500000 4
220.000000 4
220.500000 4
221.000000 4
221.500000 4
222.000000 4
222.500000 4
223.000000 4
223.500000 4
224.000000 4
224.500000 4
225.000000 4
225.500000 4
226.000000 4
226.500000 4
227.000000 4
227.500000 4
228.000000 4
228.500000 4
229.000000 4
229.500000 4
230.000000 4
230.500000 4
231.000000 4
231.500000 4
232.000000 4
232.500000 4
233.000000 4
233.500000 4
234.000000 4
234.500000 4
235.000000 4
235.500000 4
236.000000 4
236.500000 4
237.000000 4
237.500000 4
238.000000 4
238.500000 4
239.000000 4
239.500000 4
240.000000 4
240.500000 4
241.000000 4
241.500000 4
242.000000 4
242.500000 4
243.000000 4
243.500000 4
244.000000 4
244.500000 4
245.000000 4
245.500000 4
246.000000 4
246.500000 4
247.000000 4
247.500000 4
248.000000 4
248.500000 4
249.000000 4
249.500000 4
250.000000 4
250.500000 4
251.000000 4
251.500000 4
252.000000 4
252.500000 4
253.000000 4
253.500000 4
254.000000 4
254.500000 4
255.000000 4
255.500000 4
256.000000 4
256.500000 4
257.000000 4
257.500000 4
258.000000 4
258.500000 4
259.000000 4
259.500000 4
260.000000 4
260.500000 4
261.000000 4
261.500000 4
262.000000 4
262.500000 4
263.000000 4
263.500000 4
264.000000 4
264.500000 4
265.000000 4
265.500000 4
266.000000 4
266.500000 4
267.000000 4
267.500000 4
268.000000 4
268.500000 4
269.000000 4
269.500000 4
270.000000 4
270.500000 4
271.000000 4
271.500000 4
272.000000 4
272.500000 4
273.000000 4
273.500000 4
274.000000 4
274.500000 4
275.000000 4
275.500000 4
276.000000 4
276.500000 4
277.000000 4
277.500000 4
278.000000 4
278.500000 4
279.000000 4
279.500000 4
280.000000 4
280.500000 4
281.000000 4
281.500000 4
282.000000 4
282.500000 4
283.000000 4
283.500000 4
284.000000 4
284.500000 4
285.000000 4
285.500000 4
286.000000 4
286.500000 4
287.000000 4
287.500000 4
288.000000 4
288.500000 4
289.000000 4
289.500000 4
290.000000 4
290.500000 4
291.000000 4
291.500000 4
292.000000 4
292.500000 4
293.000000 4
293.500000 4
294.000000 4
294.500000 4
295.000000 4
295.500000 4
296.000000 4
296.500000 4
297.000000 4
297.500000 4
298.000000 4
298.500000 4
299.000000 4
299.500000 4
300.000000 4
300.500000 4
301.000000 4
301.500000 4
302.000000 4
302.500000 4
303.000000 4
303.500000 4
304.000000 4
304.500000 4
305.000000 4
305.500000 4
306.000000 4
306.500000 4
307.000000 4
307.500000 4
308.000000 4
308.500000 4
309.000000 4
309.500000 4
310.000000 4
310.500000 4
311.000000 4
311.500000 4
312.000000 4
312.500000 4
313.000000 4
313.500000 4
314.000000 4
314.500000 4
315.000000 4
315.500000 4
316.000000 4
316.500000 4
317.000000 4
317.500000 4
318.000000 4
318.500000 4
319.000000 4
319.500000 4
320.000000 4
320.500000 4
321.000000 4
321.500000 4
322.000000 4
322.500000 4
323.000000 4
323.500000 4
324.000000 4
324.500000 4
325.000000 4
325.500000 4
326.000000 4
326.500000 4
327.000000 4
327.500000 4
328.000000 4
328.500000 4
329.000000 4
329.500000 4
330.000000 4
330.500000 4
331.000000 4
331.500000 4
332.000000 4
332.500000 4
333.000000 4
333.500000 4
334.000000 4
334.500000 4
335.000000 4
335.500000 4
336.000000 4
336.500000 4
337.000000 4
337.500000 4
338.000000 4
338.500000 4
339.000000 4
339.500000 4
340.000000 4
340.500000 4
341.000000 4
341.500000 4
342.000000 4
342.500000 4
343.000000 4
343.500000 4
344.000000 4
344.500000 4
345.000000 4
345.500000 4
346.000000 4
346.500000 4
347.000000 4
347.500000 4
348.000000 4
348.500000 4
349.000000 4
349.500000 4
350.000000 4
350.500000 4
351.000000 4
351.500000 4
352.000000 4
352.500000 4
353.000000 4
353.500000 4
354.000000 4
354.500000 4
355.000000 4
355.500000 4
356.000000 4
356.500000 4
357.000000 4
357.500000 4
358.000000 4
358.500000 4
359.000000 4
359.500000 4
